% -------------------------------------------------------------------
%  Generated by MATLAB on 3-Nov-2021 23:31:24
%  MATLAB version: 9.0.0.341360 (R2016a)
% -------------------------------------------------------------------
                             

A = ...
  [-7 5 -9 0;
   2 -1 2 0;
   1 -1 2 0;
   0 0 0 0];

B = ...
  [16 3 2 13;
   5 10 11 8;
   9 6 7 12;
   4 15 14 1];

C = ...
  [4 2 -3;
   7 -7 9;
   3 -5 6];

D = ...
  [6 3 2;
   2 12 -7;
   -1 6 2;
   -5 15 11];

ans = [0; 0; 0; 0];

